$ANSIBLE_VAULT;1.1;AES256
37346463653934373937336531653363333232623564386562313537353564346464643332373034
3631313039343836636433323034383166633530346631620a306231326430663333373730643539
63373762323762646464393062666238666534376239666338663730623663396631323363613234
6164633537336337320a333733666534653161393334356334353864303833333866393062633666
35323838363463393264336531613066313164336164616134376138326636666263663465376364
37303633383933663166666263613565353830323435653238343531663332336438633835333534
62646239316264616564373038626235353862366631343461623763643935366665663165323133
36336366633736356131306531616335316165616532386262613161336136323263633062653166
61393738613138353736643136613466666464613735653731353630613561306637663465333134
63353338343336643763323433666138616565343366633361656261396334313833663630393461
30373436386536626339323265666332656164643330396434626235396233343339616134336233
64663165653163626132636266383035623164396466343234643839346634663566623837633234
39633062643937653863623331323165663761646438386362646434313832633337323765356466
38663037646534633832616638386633616530386139326236373462613536613632363937646436
31366662396162616461313164363132303135646165626332623161656137323236306639653136
35306633633163343735363261613265663730353063666365393864363061356338633432633437
61383934643939336162616162323565343430636631663431373137396365646163393130383330
64316237633139666166333134383863323233623637633637386337656265636133376338633933
31633431636431313135633332336133353233323137356563373766326664343133363561386639
32306634313139653337653135306438616264653961663438353664626335653761646136656332
66383230633238356263633739633139323861366231396434643436636234386237373464633163
32303932393537393738323936663733343435356334326261313438373562653838353837656533
33653163303938613562636237393636393061363031643631636164373033656433633863343938
39656433386663373462653631396437323030643434343530393166623366626262316436623734
36383465613762623134663635393539656564376431356332616436333635386330373766313232
64636163306464646138343861343931326135636332313936343132336362303931623534623161
36393935363930356539323765353730323832613430666563666363386334376136666465643637
63313037366434303764633264613263343133343338373934323639353639623662306662393733
39343061326536643966623362323064306439336331653034653933363238666637653465343766
38336135316533313964376638383762626631643736363962366634343936316137366261313662
61343566346265333561623837613439316666613031393034613766613662366261663535633437
61646537373964663738643066386232613166376535393637613336386438376433326537633737
63323864313363336633313633306139306661316433333433663638353238393062306632393263
63396466666666383536306163366161376562323461613961343863323763326137643731366164
33316439653830303733303835363235623132363463393931313035383138666235633935343866
31363131643736646430356537316636356238643866313265363838613631656234363633346136
65303536376335313466336261353263633361656561363837366163363563663262656331623139
30636431396366343831383730386161613531626532336563653235326265613664373063616332
39303461616265383237343136643237383962393765326137666437363139623838343737653133
61383134343965626238373638373139313537616661653933313736663166653638346432613563
33666432393635636132663931643138353538393838373334386131376264653461383634323764
39633631336434613364363032303938306137653738373363313730616561366634653863623062
35383263373736316366633735653737626633366530363939303163663438663563313437306463
38616532633339653736393235373033623663356634383935633962346262313831636435363161
34356466616133663362656138373966393962346534623561623337336265353036356536616162
63626436356334326636313861346664653965643063633661316662613562356566636565373561
39383936656637356330623163396665333762353831663038303038353332396235316630346366
39636336656564623035633838633737346537346463616430353633303332396136633465623236
33633635316536396335363537623039356662633463323430303338343635373434373132613062
65343361373663383132393035313063353939663931633237326337323165353037393864626132
31353765306137363235623663396332643337306331333234316434386536623863303463393637
61316336666164316466336430313562323966333230373038366162636561616237663637353664
34656263646131613639363538646137333164346339636637366163633631383333343432343461
61663264353665306361376463353939303139393762366631333661663761383533353932653937
61336332666661343964626436353039643261306333643364313965663534663561643239643563
66626232643333636166646465303934383162613537376139373865623034613334313835366333
33666439343866623339333661663966646134373730303363366333303638346635323531336333
34373134353066336130313337333762333731383035343236666561636530336133656131656434
65333930633662373930633562623838393033373464383837376564626138383663636365646164
64613666386465353734343439616433653230323161383630663166303535373833326430633761
30336139373930316238613834303033336338313563333666613665323937663039386162386338
35353766303335633131666264303663656435346465363932333938303537353431393430356165
32643131343035643261663633653563656434636561316463666431303765336633383633613134
65343864646430333531376537613565366539313334386166336336616435643032333264366136
3161
